0.000453511
0.0004535
0.000453468
0.000453422
0.000453368
0.000453314
0.000453265
0.000453225
0.000453196
0.000453179
0.000453173
0.000453176
0.000453185
0.000453194
0.000453196
0.000453186
0.000453159
0.000453116
0.000453063
0.000453005
0.000452951
0.000452905
0.000452872
0.000452855
0.000452853
0.000452867
0.000452894
0.00045293
0.000452969
0.000453005
0.000453029
0.000453037
0.000453025
0.000452997
0.000452957
0.000452913
0.00045287
0.000452834
0.000452807
0.00045279
0.000452784
0.000452787
0.000452797
0.000452808
0.000452816
0.000452813
0.000452794
0.000452755
0.000452698
0.000452627
0.000452551
0.000452477
0.00045241
0.000452355
0.000452314
0.000452288
0.000452277
0.000452278
0.000452288
0.000452302
0.000452311
0.000452311
0.000452294
0.00045226
0.000452213
0.000452157
0.0004521
0.000452048
0.000452004
0.000451971
0.00045195
0.00045194
0.000451941
0.000451947
0.000451954
0.000451956
0.000451945
0.000451915
0.000451863
0.000451791
0.000451704
0.000451609
0.000451514
0.000451424
0.000451344
0.000451275
0.000451219
0.000451175
0.000451143
0.000451117
0.000451093
0.000451064
0.000451025
0.00045097
0.0004509
0.000450819
0.000450733
0.00045065
0.000450575
0.000450514
0.000450468
0.000450438
0.000450424
0.000450424
0.000450434
0.000450448
0.00045046
0.000450462
0.000450448
0.000450414
0.000450363
0.000450299
0.000450229
0.00045016
0.000450096
0.00045004
0.000449994
0.000449957
0.00044993
0.000449909
0.000449891
0.000449869
0.000449837
0.000449788
0.000449719
0.000449631
0.000449529
0.000449419
0.000449309
0.000449205
0.000449112
0.000449034
0.00044897
0.000448921
0.000448885
0.000448859
0.000448838
0.000448815
0.000448783
0.000448736
0.000448674
0.000448597
0.000448513
0.000448427
0.000448345
0.000448274
0.000448214
0.000448167
0.000448134
0.000448111
0.000448097
0.000448086
0.000448072
0.000448047
0.000448006
0.000447943
0.000447861
0.000447765
0.00044766
0.000447554
0.000447454
0.000447363
0.000447284
0.000447218
0.000447165
0.000447123
0.00044709
0.000447058
0.000447024
0.000446979
0.000446919
0.000446843
0.000446755
0.000446661
0.000446568
0.000446483
0.000446409
0.00044635
0.000446307
0.00044628
0.000446266
0.000446263
0.000446264
0.000446264
0.000446254
0.000446228
0.000446183
0.00044612
0.000446042
0.000445958
0.000445872
0.000445791
0.000445718
0.000445654
0.0004456
0.000445556
0.000445518
0.000445484
0.000445448
0.000445403
0.000445343
0.000445264
0.000445165
0.000445052
0.000444931
0.000444809
0.000444694
0.000444591
0.000444501
0.000444428
0.000444371
0.000444329
0.000444298
0.000444274
0.000444251
0.000444221
0.000444178
0.000444121
0.00044405
0.000443971
0.00044389
0.000443815
0.000443749
0.000443696
0.000443657
0.000443632
0.000443619
0.000443615
0.000443616
0.000443615
0.000443604
0.000443578
0.000443531
0.000443464
0.000443381
0.000443289
0.000443194
0.000443104
0.000443021
0.00044295
0.000442891
0.000442845
0.00044281
0.000442782
0.000442757
0.000442729
0.000442691
0.000442639
0.000442569
0.000442486
0.000442395
0.000442304
0.000442219
0.000442146
0.000442086
0.000442042
0.000442014
0.000442
0.000441997
0.000442001
0.000442004
0.000441999
0.00044198
0.000441942
0.000441886
0.000441816
0.000441739
0.000441661
0.000441587
0.000441522
0.000441467
0.000441423
0.00044139
0.000441365
0.000441346
0.000441326
0.000441299
0.00044126
0.000441202
0.000441126
0.000441036
0.000440937
0.000440837
0.000440744
0.000440662
0.000440595
0.000440545
0.000440511
0.000440493
0.000440488
0.00044049
0.000440495
0.000440494
0.000440481
0.000440453
0.000440412
0.000440361
0.000440309
0.000440259
0.000440219
0.000440191
0.000440176
0.000440175
0.000440185
0.000440205
0.00044023
0.000440253
0.000440268
0.000440267
0.000440245
0.000440202
0.000440142
0.00044007
0.000439995
0.000439922
0.000439856
0.000439801
0.000439757
0.000439725
0.000439705
0.000439692
0.000439684
0.000439673
0.000439653
0.000439619
0.000439569
0.000439505
0.000439432
0.000439359
0.000439291
0.000439234
0.000439193
0.000439167
0.000439158
0.000439165
0.000439185
0.000439212
0.000439242
0.000439266
0.000439278
0.000439272
0.000439249
0.000439213
0.000439169
0.000439124
0.000439084
0.000439052
0.000439032
0.000439023
0.000439026
0.000439038
0.000439056
0.000439075
0.000439089
0.000439091
0.000439076
0.000439041
0.000438992
0.000438932
0.000438871
0.000438814
0.000438768
0.000438735
0.000438719
0.000438718
0.000438733
0.00043876
0.000438795
0.000438833
0.000438865
0.000438886
0.000438891
0.000438881
0.00043886
0.000438835
0.000438813
0.000438798
0.000438794
0.000438802
0.000438824
0.000438858
0.000438901
0.000438949
0.000438998
0.000439038
0.000439064
0.00043907
0.000439054
0.000439021
0.000438975
0.000438925
0.000438877
0.000438836
0.000438805
0.000438786
0.00043878
0.000438787
0.000438802
0.000438823
0.000438844
0.000438857
0.000438858
0.000438843
0.000438814
0.000438778
0.000438739
0.000438707
0.000438685
0.000438679
0.000438689
0.000438717
0.000438761
0.000438819
0.000438886
0.000438957
0.000439023
0.000439079
0.000439118
0.000439139
0.000439146
0.000439145
0.000439141
0.000439141
0.000439149
0.000439167
0.000439196
0.000439236
0.000439285
0.00043934
0.000439396
0.000439447
0.000439486
0.000439507
0.000439508
0.000439492
0.000439463
0.000439431
0.000439401
0.00043938
0.000439371
0.000439377
0.000439398
0.000439434
0.000439482
0.000439539
0.000439598
0.000439653
0.000439697
0.000439725
0.000439738
0.00043974
0.000439736
0.000439734
0.000439739
0.000439755
0.000439784
0.000439827
0.000439883
0.00043995
0.000440023
0.000440098
0.000440167
0.000440224
0.000440262
0.000440279
0.000440279
0.000440266
0.000440248
0.000440231
0.000440222
0.000440223
0.000440237
0.000440264
0.000440303
0.000440353
0.000440409
0.000440465
0.000440516
0.000440554
0.000440577
0.000440586
0.000440585
0.000440581
0.000440581
0.000440592
0.000440616
0.000440657
0.000440714
0.000440787
0.000440874
0.00044097
0.000441071
0.000441167
0.000441252
0.000441321
0.000441371
0.000441404
0.000441427
0.000441446
0.000441467
0.000441495
0.000441531
0.000441577
0.000441634
0.000441699
0.00044177
0.000441842
0.000441909
0.000441965
0.000442002
0.00044202
0.000442019
0.000442005
0.000441985
0.000441966
0.000441955
0.000441956
0.000441972
0.000442003
0.00044205
0.000442109
0.000442178
0.000442252
0.000442322
0.000442383
0.00044243
0.000442462
0.000442483
0.000442498
0.000442514
0.000442537
0.000442571
0.000442619
0.000442681
0.000442757
0.000442845
0.000442941
0.000443039
0.000443134
0.000443216
0.000443281
0.000443326
0.000443351
0.000443363
0.000443369
0.000443375
0.000443386
0.000443407
0.00044344
0.000443485
0.000443541
0.000443608
0.000443681
0.000443754
0.000443821
0.000443876
0.000443915
0.000443938
0.000443948
0.000443954
0.000443962
0.000443977
0.000444006
0.000444049
0.000444107
0.000444181
0.000444268
0.000444365
0.000444465
0.000444563
0.00044465
0.00044472
0.000444771
0.000444804
0.000444826
0.000444843
0.00044486
0.000444883
0.000444915
0.000444957
0.000445009
0.00044507
0.000445138
0.000445208
0.000445275
0.000445331
0.000445371
0.000445392
0.000445394
0.000445381
0.000445363
0.000445346
0.000445336
0.000445337
0.000445354
0.000445386
0.000445434
0.000445497
0.000445569
0.000445648
0.000445725
0.000445793
0.000445849
0.000445889
0.000445917
0.000445938
0.000445959
0.000445987
0.000446024
0.000446075
0.00044614
0.000446218
0.000446308
0.000446405
0.000446506
0.000446603
0.000446688
0.000446756
0.000446802
0.000446828
0.000446838
0.000446839
0.000446839
0.000446842
0.000446853
0.000446874
0.000446906
0.000446949
0.000447001
0.000447059
0.000447118
0.00044717
0.00044721
0.000447233
0.00044724
0.000447232
0.000447218
0.000447205
0.000447198
0.000447203
0.000447223
0.000447258
0.000447308
0.000447372
0.000447447
0.000447527
0.000447605
0.000447674
0.000447728
0.000447764
0.000447782
0.000447789
0.00044779
0.000447791
0.000447798
0.000447815
0.000447842
0.000447879
0.000447927
0.000447983
0.000448042
0.000448099
0.000448147
0.00044818
0.000448194
0.000448189
0.000448168
0.000448141
0.000448112
0.000448091
0.00044808
0.000448083
0.000448101
0.000448135
0.000448182
0.00044824
0.000448304
0.000448367
0.000448421
0.000448462
0.000448487
0.000448498
0.0004485
0.0004485
0.000448504
0.000448517
0.000448542
0.00044858
0.00044863
0.000448691
0.00044876
0.000448832
0.000448901
0.000448958
0.000448998
0.000449016
0.000449013
0.000448992
0.000448961
0.000448926
0.000448894
0.000448869
0.000448854
0.00044885
0.000448857
0.000448873
0.000448896
0.00044892
0.00044894
0.000448949
0.000448942
0.000448918
0.00044888
0.000448836
0.000448791
0.000448753
0.000448727
0.000448715
0.00044872
0.000448741
0.000448778
0.000448826
0.00044888
0.000448936
0.000448984
0.000449018
0.000449034
0.000449034
0.00044902
0.000449
0.000448981
0.000448966
0.000448961
0.000448965
0.000448981
0.000449006
0.00044904
0.000449077
0.000449112
0.000449139
0.000449151
0.000449143
0.000449115
0.00044907
0.000449016
0.000448959
0.000448906
0.000448863
0.000448832
0.000448815
0.000448812
0.000448823
0.000448844
0.00044887
0.000448896
0.000448914
0.000448918
0.000448906
0.000448879
0.000448841
0.0004488
0.000448762
0.000448732
0.000448713
0.000448708
0.000448715
0.000448733
0.000448761
0.000448792
0.000448822
0.000448843
0.000448847
0.000448831
0.000448793
0.000448738
0.000448672
0.000448603
0.000448536
0.000448476
0.000448427
0.000448389
0.000448363
0.000448348
0.00044834
0.000448336
0.000448328
0.000448312
0.00044828
0.000448232
0.00044817
0.0004481
0.00044803
0.000447965
0.000447912
0.000447874
0.000447852
0.000447846
0.000447856
0.000447878
0.000447908
0.000447939
0.000447963
0.000447975
0.000447968
0.000447944
0.000447906
0.000447859
0.000447812
0.000447768
0.000447731
0.000447704
0.000447688
0.000447681
0.000447681
0.000447685
0.000447687
0.000447682
0.000447661
0.000447621
0.000447559
0.00044748
0.000447389
0.000447293
0.000447201
0.000447117
0.000447045
0.000446987
0.000446944
0.000446914
0.000446895
0.000446882
0.000446871
0.000446853
0.000446823
0.000446777
0.000446717
0.000446646
0.000446572
0.000446501
0.000446438
0.000446387
0.00044635
0.000446327
0.000446318
0.000446318
0.000446325
0.000446332
0.000446332
0.000446318
0.000446284
0.00044623
0.000446159
0.000446076
0.000445989
0.000445904
0.000445827
0.00044576
0.000445704
0.000445661
0.000445629
0.000445605
0.000445585
0.000445563
0.000445532
0.000445487
0.000445425
0.000445348
0.000445262
0.000445173
0.000445089
0.000445015
0.000444955
0.00044491
0.000444881
0.000444867
0.000444865
0.000444872
0.00044488
0.000444882
0.000444872
0.000444844
0.000444797
0.000444735
0.000444663
0.000444589
0.000444518
0.000444454
0.000444399
0.000444354
0.000444319
0.000444292
0.00044427
0.000444247
0.000444218
0.000444176
0.000444114
0.000444033
0.000443933
0.000443821
0.000443705
0.000443591
0.000443486
0.000443394
0.000443316
0.000443254
0.000443206
0.000443171
0.000443145
0.000443122
0.000443095
0.000443057
0.000443005
0.000442938
0.000442862
0.000442782
0.000442705
0.000442636
0.00044258
0.000442538
0.000442511
0.000442498
0.000442496
0.000442501
0.000442509
0.00044251
0.000442499
0.000442468
0.000442417
0.000442348
0.000442266
0.000442178
0.000442092
0.000442011
0.00044194
0.00044188
0.000441831
0.000441793
0.000441763
0.000441737
0.000441709
0.000441673
0.000441622
0.000441554
0.00044147
0.000441375
0.000441276
0.00044118
0.000441093
0.00044102
0.000440961
0.000440918
0.000440891
0.000440876
0.000440871
0.000440869
0.000440863
0.000440846
0.000440812
0.00044076
0.000440694
0.000440618
0.000440539
0.000440463
0.000440395
0.000440338
0.000440291
0.000440256
0.00044023
0.000440211
0.000440194
0.000440172
0.000440139
0.000440089
0.000440019
0.000439932
0.000439833
0.000439728
0.000439627
0.000439533
0.000439453
0.000439387
0.000439337
0.000439303
0.000439282
0.000439271
0.000439265
0.000439255
0.000439236
0.000439203
0.000439155
0.000439096
0.000439032
0.00043897
0.000438915
0.000438873
0.000438843
0.000438829
0.000438827
0.000438838
0.000438855
0.000438875
0.00043889
0.000438893
0.000438877
0.000438839
0.000438782
0.000438711
0.000438633
0.000438554
0.00043848
0.000438415
0.00043836
0.000438316
0.000438283
0.000438259
0.000438239
0.000438219
0.000438191
0.000438151
0.000438093
0.00043802
0.000437935
0.000437845
0.000437758
0.000437681
0.000437616
0.000437568
0.000437537
0.000437522
0.000437522
0.000437533
0.000437549
0.000437564
0.00043757
0.000437561
0.000437535
0.000437495
0.000437445
0.000437393
0.000437344
0.000437303
0.000437272
0.000437254
0.000437247
0.000437251
0.000437263
0.000437277
0.000437289
0.00043729
0.000437275
0.000437241
0.000437188
0.000437122
0.000437049
0.000436978
0.000436914
0.000436861
0.000436822
0.000436799
0.000436791
0.000436796
0.00043681
0.000436829
0.000436846
0.000436854
0.000436847
0.000436825
0.00043679
0.000436749
0.000436708
0.000436673
0.000436649
0.000436638
0.000436642
0.000436658
0.000436687
0.000436724
0.000436763
0.0004368
0.000436825
0.000436832
0.000436819
0.000436786
0.000436738
0.000436682
0.000436626
0.000436574
0.000436531
0.0004365
0.00043648
0.000436471
0.000436473
0.000436481
0.00043649
0.000436494
0.000436486
0.000436463
0.000436424
0.000436374
0.000436319
0.000436266
0.000436223
0.000436193
0.000436179
0.000436183
0.000436204
0.000436241
0.00043629
0.000436346
0.000436402
0.00043645
0.000436484
0.000436502
0.000436505
0.000436497
0.000436485
0.000436475
0.000436473
0.00043648
0.000436499
0.000436529
0.00043657
0.000436618
0.000436669
0.000436717
0.000436756
0.000436778
0.00043678
0.000436762
0.000436729
0.000436687
0.000436644
0.000436607
0.00043658
0.000436566
0.000436567
0.000436582
0.00043661
0.000436648
0.000436691
0.000436732
0.000436765
0.000436785
0.000436788
0.000436779
0.000436762
0.000436745
0.000436734
0.000436733
0.000436746
0.000436773
0.000436815
0.00043687
0.000436934
0.000437004
0.000437072
0.00043713
0.000437174
0.000437197
0.000437201
0.000437191
0.000437172
0.000437152
0.000437137
0.000437131
0.000437137
0.000437155
0.000437185
0.000437225
0.000437273
0.000437324
0.00043737
0.000437405
0.000437426
0.00043743
0.000437422
0.000437407
0.000437394
0.000437388
0.000437394
0.000437416
0.000437455
0.000437511
0.000437582
0.000437665
0.000437755
0.000437845
0.000437928
0.000437997
0.000438049
0.000438084
0.000438106
0.000438123
0.000438141
0.000438164
0.000438196
0.000438238
0.000438291
0.000438354
0.000438424
0.000438497
0.000438568
0.00043863
0.000438676
0.000438702
0.000438707
0.000438696
0.000438675
0.000438652
0.000438634
0.000438625
0.00043863
0.000438648
0.000438682
0.00043873
0.000438788
0.000438853
0.000438919
0.000438977
0.000439023
0.000439054
0.000439073
0.000439083
0.000439093
0.000439109
0.000439135
0.000439175
0.000439231
0.000439301
0.000439386
0.000439481
0.000439583
0.000439684
0.000439778
0.000439857
0.000439917
0.000439957
0.000439982
0.000439997
0.000440009
0.000440025
0.000440049
0.000440083
0.000440128
0.000440185
0.000440252
0.000440326
0.000440402
0.000440474
0.000440536
0.000440581
0.000440609
0.000440622
0.000440627
0.00044063
0.000440639
0.000440658
0.000440692
0.000440741
0.000440806
0.000440886
0.000440978
0.000441077
0.000441177
0.00044127
0.000441349
0.000441412
0.000441457
0.000441488
0.000441513
0.000441537
0.000441567
0.000441605
0.000441653
0.000441713
0.000441783
0.000441861
0.000441944
0.000442026
0.0004421
0.00044216
0.000442201
0.000442221
0.000442225
0.000442219
0.000442209
0.000442205
0.000442209
0.000442227
0.000442259
0.000442307
0.000442369
0.000442444
0.000442526
0.000442609
0.000442687
0.000442753
0.000442805
0.000442843
0.000442872
0.000442899
0.000442931
0.000442973
0.000443028
0.000443097
0.000443182
0.00044328
0.000443388
0.000443504
0.000443619
0.000443727
0.000443821
0.000443894
0.000443947
0.000443982
0.000444006
0.000444025
0.000444046
0.000444072
0.000444108
0.000444153
0.00044421
0.000444275
0.000444348
0.000444422
0.000444493
0.000444552
0.000444596
0.000444622
0.000444632
0.000444632
0.000444629
0.000444631
0.000444642
0.000444667
0.000444708
0.000444765
0.000444837
0.000444922
0.000445015
0.000445111
0.000445202
0.000445281
0.000445343
0.000445389
0.000445421
0.000445446
0.000445471
0.0004455
0.000445539
0.000445588
0.000445649
0.000445721
0.000445803
0.00044589
0.000445978
0.000446059
0.000446128
0.000446178
0.000446208
0.00044622
0.00044622
0.000446217
0.000446216
0.000446224
0.000446244
0.000446279
0.000446328
0.000446391
0.000446466
0.000446549
0.000446633
0.000446712
0.000446779
0.000446831
0.000446868
0.000446894
0.000446916
0.000446941
0.000446973
0.000447017
0.000447075
0.000447147
0.000447232
0.000447327
0.000447428
0.00044753
0.000447625
0.000447706
0.000447767
0.000447806
0.000447827
0.000447834
0.000447835
0.000447837
0.000447844
0.000447859
0.000447885
0.000447921
0.000447967
0.00044802
0.000448076
0.00044813
0.000448174
0.000448204
0.000448216
0.000448212
0.000448198
0.00044818
0.000448166
0.000448162
0.000448171
0.000448197
0.00044824
0.000448299
0.000448371
0.000448454
0.00044854
0.000448624
0.000448697
0.000448754
0.000448795
0.000448822
0.00044884
0.000448857
0.000448879
0.000448909
0.000448949
0.000449001
0.000449064
0.000449137
0.000449215
0.000449294
0.000449367
0.000449427
0.000449469
0.00044949
0.000449491
0.000449479
0.00044946
0.000449442
0.00044943
0.000449429
0.000449441
0.000449466
0.000449505
0.000449555
0.000449612
0.00044967
0.000449724
0.000449765
0.000449791
0.000449801
0.000449799
0.000449791
0.000449784
0.000449785
0.000449796
0.00044982
0.000449859
0.00044991
0.000449973
0.000450044
0.000450116
0.000450183
0.000450238
0.000450274
0.000450289
0.000450286
0.000450268
0.000450245
0.000450222
0.000450204
0.000450194
0.000450196
0.000450209
0.000450233
0.000450264
0.000450301
0.000450336
0.000450363
0.000450377
0.000450374
0.000450354
0.000450323
0.000450288
0.000450255
0.000450232
0.000450221
0.000450227
0.000450249
0.000450287
0.000450339
0.000450402
0.000450469
0.000450533
0.000450588
0.000450627
0.000450648
0.000450654
0.000450651
0.000450644
0.00045064
0.000450642
0.000450655
0.000450677
0.000450711
0.000450752
0.0004508
0.000450848
0.000450891
0.000450921
0.000450932
0.000450922
0.000450891
0.000450844
0.00045079
0.000450734
0.000450684
0.000450644
0.000450616
0.000450601
0.0004506
0.00045061
0.000450628
0.000450649
0.000450667
0.000450674
0.000450667
0.000450644
0.000450609
0.000450567
0.000450527
0.000450494
0.000450472
0.000450465
0.000450472
0.000450494
0.000450529
0.000450572
0.00045062
0.000450664
0.000450698
0.000450714
0.000450711
0.000450689
0.000450652
0.000450609
0.000450565
0.000450527
0.000450496
0.000450477
0.000450468
0.00045047
0.000450481
0.000450497
0.000450512
0.00045052
0.000450514
0.000450491
0.000450451
0.000450397
0.000450338
0.000450279
0.000450228
0.000450188
0.000450163
0.000450154
0.00045016
0.00045018
0.000450211
0.000450246
0.000450279
0.000450303
0.000450311
0.000450301
0.000450275
0.000450238
0.000450196
0.000450156
0.000450122
0.000450097
0.000450082
0.000450078
0.000450083
0.000450095
0.000450108
0.000450117
0.000450116
0.000450096
0.000450056
0.000449995
0.000449919
0.000449834
0.000449747
0.000449666
0.000449595
0.000449537
0.000449492
0.000449463
0.000449446
0.000449438
0.000449436
0.000449432
0.000449419
0.000449393
0.000449352
0.000449299
0.000449239
0.00044918
0.000449128
0.000449087
0.00044906
0.000449049
0.000449053
0.00044907
0.000449097
0.000449129
0.000449159
0.00044918
0.000449184
0.000449168
0.000449132
0.000449081
0.000449021
0.00044896
0.000448901
0.000448851
0.00044881
0.000448779
0.000448758
0.000448746
0.000448739
0.000448731
0.000448716
0.000448688
0.000448642
0.000448578
0.000448499
0.000448413
0.000448325
0.000448244
0.000448174
0.000448118
0.000448078
0.000448053
0.000448042
0.000448042
0.000448048
0.000448054
0.000448053
0.000448037
0.000448004
0.000447955
0.000447894
0.000447829
0.000447765
0.000447709
0.000447662
0.000447626
0.000447602
0.000447589
0.000447584
0.000447583
0.000447579
0.000447567
0.00044754
0.000447492
0.000447425
0.000447341
0.000447249
0.000447155
0.000447066
0.000446987
0.000446921
0.000446869
0.000446833
0.000446809
0.000446797
0.00044679
0.000446782
0.000446767
0.000446739
0.000446696
0.00044664
0.000446576
0.000446511
0.000446451
0.000446402
0.000446367
0.000446346
0.000446339
0.000446346
0.000446363
0.000446385
0.000446406
0.000446417
0.000446413
0.000446389
0.000446344
0.000446282
0.00044621
0.000446134
0.000446061
0.000445995
0.000445938
0.000445891
0.000445854
0.000445826
0.000445803
0.000445781
0.000445753
0.000445713
0.000445657
0.000445582
0.000445493
0.000445395
0.000445296
0.000445203
0.000445121
0.000445054
0.000445003
0.000444969
0.000444951
0.000444945
0.000444948
0.000444952
0.000444951
0.000444938
0.000444909
0.000444864
0.000444809
0.000444748
0.00044469
0.000444638
0.000444597
0.000444567
0.000444551
0.000444545
0.000444549
0.000444558
0.000444566
0.000444567
0.000444553
0.00044452
0.000444466
0.000444395
0.000444314
0.00044423
0.000444149
0.000444077
0.000444017
0.000443971
0.000443938
0.000443919
0.00044391
0.000443907
0.000443904
0.000443893
0.00044387
0.00044383
0.000443776
0.000443713
0.000443648
0.000443586
0.000443534
0.000443495
0.00044347
0.00044346
0.000443463
0.000443477
0.000443497
0.000443517
0.00044353
0.000443528
0.000443507
0.000443466
0.000443408
0.00044334
0.000443268
0.000443198
0.000443135
0.000443083
0.000443041
0.00044301
0.00044299
0.000442976
0.000442965
0.00044295
0.000442926
0.000442885
0.000442828
0.000442756
0.000442675
0.000442593
0.000442516
0.000442451
0.000442401
0.000442368
0.000442352
0.000442352
0.000442366
0.00044239
0.000442417
0.00044244
0.000442452
0.000442448
0.000442429
0.000442398
0.000442361
0.000442325
0.000442294
0.000442274
0.000442264
0.000442267
0.000442281
0.000442304
0.000442332
0.00044236
0.000442381
0.000442387
0.000442374
0.000442339
0.000442286
0.000442221
0.000442151
0.000442082
0.000442021
0.00044197
0.000441933
0.000441909
0.000441898
0.000441898
0.000441904
0.000441911
0.000441911
0.0004419
0.000441873
0.000441832
0.000441781
0.000441726
0.000441676
0.000441635
0.000441607
0.000441594
0.000441597
0.000441615
0.000441645
0.000441683
0.000441723
0.000441758
0.000441781
0.000441786
0.000441772
0.000441741
0.000441699
0.000441654
0.000441611
0.000441575
0.00044155
0.000441536
0.000441533
0.000441542
0.000441558
0.000441579
0.000441596
0.000441605
0.000441599
0.000441576
0.000441537
0.000441488
0.000441436
0.000441389
0.000441352
0.000441329
0.000441322
0.000441332
0.000441358
0.000441398
0.000441447
0.0004415
0.00044155
0.000441589
0.000441612
0.000441619
0.000441612
0.000441597
0.000441582
0.000441571
0.000441568
0.000441577
0.000441597
0.000441628
0.000441667
0.000441713
0.000441758
0.000441798
0.000441824
0.000441831
0.000441816
0.000441783
0.000441736
0.000441683
0.000441631
0.000441586
0.000441552
0.000441532
0.000441526
0.000441533
0.000441552
0.000441579
0.000441609
0.000441634
0.000441649
0.00044165
0.000441637
0.000441614
0.000441587
0.000441564
0.000441551
0.000441551
0.000441567
0.0004416
0.000441648
0.000441709
0.00044178
0.000441854
0.000441925
0.000441985
0.000442028
0.000442052
0.000442058
0.000442053
0.000442042
0.000442033
0.00044203
0.000442037
0.000442054
0.000442083
0.000442121
0.000442168
0.000442218
0.000442266
0.000442304
0.000442328
0.000442334
0.000442323
0.000442299
0.000442271
0.000442245
0.000442227
0.000442222
0.000442232
0.000442258
0.000442299
0.000442354
0.000442419
0.000442488
0.000442554
0.00044261
0.000442651
0.000442675
0.000442684
0.000442685
0.000442685
0.000442688
0.0004427
0.000442722
0.000442757
0.000442804
0.00044286
0.000442923
0.000442989
0.00044305
0.000443099
0.000443131
0.000443142
0.000443134
0.000443113
0.000443085
0.000443058
0.000443038
0.000443029
0.000443034
0.000443053
0.000443087
0.000443133
0.000443188
0.000443248
0.000443304
0.000443351
0.000443383
0.000443402
0.000443409
0.000443412
0.000443418
0.000443431
0.000443458
0.000443499
0.000443556
0.000443629
0.000443714
0.00044381
0.000443909
0.000444005
0.00044409
0.000444158
0.000444206
0.000444236
0.000444252
0.00044426
0.000444268
0.000444281
0.000444301
0.000444331
0.000444372
0.000444422
0.000444479
0.00044454
0.000444599
0.00044465
0.000444685
0.000444702
0.000444702
0.000444687
0.000444667
0.000444647
0.000444635
0.000444635
0.00044465
0.000444681
0.000444728
0.00044479
0.000444862
0.00044494
0.000445017
0.000445086
0.000445141
0.00044518
0.000445204
0.00044522
0.000445234
0.000445252
0.000445279
0.000445317
0.000445367
0.000445431
0.000445505
0.000445587
0.000445673
0.000445756
0.000445828
0.000445884
0.00044592
0.000445936
0.000445937
0.00044593
0.000445923
0.000445921
0.000445929
0.00044595
0.000445985
0.000446033
0.000446094
0.000446163
0.000446237
0.000446307
0.000446368
0.000446414
0.000446445
0.000446463
0.000446474
0.000446485
0.000446503
0.000446531
0.000446574
0.000446631
0.000446703
0.000446788
0.000446882
0.00044698
0.000447076
0.000447162
0.00044723
0.000447279
0.000447307
0.000447321
0.000447327
0.00044733
0.000447338
0.000447353
0.000447377
0.000447412
0.000447457
0.00044751
0.000447567
0.000447623
0.000447672
0.000447708
0.000447726
0.000447726
0.000447713
0.000447692
0.000447672
0.000447658
0.000447657
0.000447671
0.000447702
0.00044775
0.000447812
0.000447887
0.000447969
0.000448051
0.000448127
0.00044819
0.000448237
0.000448269
0.000448292
0.000448311
0.000448334
0.000448365
0.000448406
0.00044846
0.000448526
0.000448603
0.000448688
0.000448777
0.000448863
0.000448939
0.000448998
0.000449036
0.000449054
0.000449054
0.000449045
0.000449032
0.000449023
0.000449022
0.000449032
0.000449055
0.00044909
0.000449137
0.000449192
0.000449251
0.000449307
0.000449353
0.000449386
0.000449401
0.000449403
0.000449396
0.000449388
0.000449385
0.000449393
0.000449414
0.000449449
0.0004495
0.000449564
0.000449638
0.000449718
0.000449796
0.000449866
0.000449921
0.000449957
0.000449973
0.000449973
0.000449965
0.000449955
0.000449948
0.00044995
0.000449961
0.000449983
0.000450016
0.000450057
0.000450105
0.000450152
0.000450194
0.000450224
0.000450237
0.000450232
0.000450212
0.000450184
0.000450155
0.000450132
0.000450121
0.000450123
0.000450143
0.000450178
0.000450229
0.000450292
0.000450362
0.000450433
0.000450498
0.000450551
0.000450586
0.000450606
0.000450614
0.000450618
0.000450622
0.000450633
0.000450653
0.000450685
0.000450728
0.000450781
0.000450841
0.000450905
0.000450967
0.000451018
0.000451054
0.000451067
0.000451059
0.000451032
0.000450994
0.000450951
0.00045091
0.000450876
0.000450853
0.000450841
0.000450843
0.000450856
0.000450879
0.000450906
0.000450932
0.000450949
0.000450953
0.000450942
0.000450916
0.000450881
0.000450845
0.000450814
0.000450793
0.000450786
0.000450795
0.000450819
0.000450858
0.000450909
0.000450966
0.000451025
0.000451077
0.000451115
0.000451135
0.000451135
0.00045112
0.000451096
0.000451068
0.000451044
0.000451027
0.000451019
0.000451022
0.000451036
0.000451059
0.000451087
0.000451117
0.000451141
0.000451154
0.000451149
0.000451125
0.000451084
0.000451034
0.00045098
0.000450931
0.000450891
0.000450864
0.000450853
0.000450856
0.000450874
0.000450904
0.000450941
0.00045098
0.000451012
0.000451032
0.000451035
0.000451021
0.000450994
0.000450961
0.000450928
0.0004509
0.000450881
0.000450873
0.000450877
0.000450891
0.000450913
0.00045094
0.000450966
0.000450983
0.000450986
0.000450968
0.000450929
0.000450871
0.000450801
0.000450725
0.000450652
0.000450586
0.000450531
0.000450489
0.00045046
0.000450444
0.000450438
0.000450439
0.00045044
0.000450434
0.000450417
0.000450384
0.000450337
0.00045028
0.000450222
0.000450167
0.000450123
0.000450093
0.000450078
0.000450078
0.000450094
0.000450122
0.000450158
0.000450196
0.000450228
0.000450247
0.000450248
0.000450228
0.000450192
0.000450145
0.000450093
0.000450043
0.000449999
0.000449963
0.000449937
0.000449921
0.000449913
0.000449911
0.00044991
0.000449904
0.000449885
0.00044985
0.000449794
0.000449721
0.000449636
0.000449547
0.000449459
0.000449381
0.000449315
0.000449263
0.000449227
0.000449205
0.000449196
0.000449195
0.000449197
0.000449195
0.000449181
0.000449152
0.000449106
0.000449047
0.000448982
0.000448917
0.000448858
0.000448808
0.00044877
0.000448744
0.000448731
0.000448727
0.00044873
0.000448733
0.00044873
0.000448715
0.00044868
0.000448625
0.000448551
0.000448464
0.000448372
0.000448281
0.000448197
0.000448124
0.000448063
0.000448017
0.000447983
0.00044796
0.000447944
0.000447929
0.000447909
0.000447877
0.00044783
0.000447768
0.000447695
0.000447618
0.000447544
0.000447479
0.000447426
0.000447389
0.000447366
0.000447358
0.000447363
0.000447375
0.00044739
0.0004474
0.000447397
0.000447376
0.000447334
0.000447275
0.000447203
0.000447125
0.000447047
0.000446975
0.00044691
0.000446855
0.00044681
0.000446774
0.000446744
0.000446715
0.000446683
0.00044664
0.000446581
0.000446503
0.000446407
0.000446298
0.000446184
0.000446073
0.00044597
0.00044588
0.000445805
0.000445747
0.000445704
0.000445676
0.000445657
0.000445644
0.000445628
0.000445603
0.000445564
0.00044551
0.000445443
0.000445369
0.000445294
0.000445226
0.000445168
0.000445121
0.000445088
0.000445068
0.000445058
0.000445056
0.000445055
0.00044505
0.000445033
0.000444998
0.000444942
0.000444866
0.000444776
0.000444679
0.000444582
0.00044449
0.000444408
0.000444338
0.000444281
0.000444236
0.000444202
0.000444175
0.000444149
0.000444118
0.000444075
0.000444017
0.000443942
0.000443856
0.000443764
0.000443673
0.00044359
0.000443519
0.000443462
0.000443421
0.000443394
0.000443379
0.000443374
0.000443372
0.000443367
0.000443351
0.000443318
0.000443265
0.000443194
0.000443111
0.000443021
0.000442932
0.000442848
0.000442773
0.000442708
0.000442654
0.00044261
0.000442574
0.000442542
0.000442507
0.000442465
0.000442408
0.000442332
0.00044224
0.000442134
0.000442024
0.000441915
0.000441815
0.000441727
0.000441656
0.000441601
0.000441563
0.000441539
0.000441527
0.000441521
0.000441514
0.0004415
0.000441472
0.000441428
0.00044137
0.000441305
0.000441239
0.000441177
0.000441124
0.000441083
0.000441054
0.000441038
0.000441032
0.000441034
0.000441038
0.000441038
0.000441026
0.000440997
0.000440946
0.000440874
0.000440786
0.00044069
0.000440591
0.000440497
0.000440412
0.000440338
0.000440276
0.000440227
0.000440188
0.000440157
0.000440128
0.000440096
0.000440053
0.000439994
0.000439921
0.000439834
0.000439742
0.000439651
0.000439567
0.000439495
0.000439439
0.000439399
0.000439374
0.000439364
0.000439365
0.000439372
0.000439378
0.000439375
0.000439357
0.000439321
0.000439267
0.000439201
0.000439129
0.000439057
0.000438991
0.000438934
0.000438888
0.000438854
0.00043883
0.000438815
0.000438806
0.000438795
0.000438778
0.000438747
0.000438698
0.000438631
0.000438551
0.000438463
0.000438377
0.000438297
0.00043823
0.000438177
0.00043814
0.00043812
0.000438114
0.00043812
0.000438132
0.000438143
0.000438148
0.000438139
0.000438113
0.000438073
0.000438024
0.000437972
0.000437923
0.000437883
0.000437853
0.000437836
0.000437831
0.000437837
0.00043785
0.000437867
0.000437881
0.000437885
0.000437872
0.000437839
0.000437784
0.000437713
0.000437633
0.00043755
0.000437472
0.000437402
0.000437344
0.000437299
0.000437267
0.000437248
0.000437237
0.000437231
0.000437223
0.000437207
0.000437176
0.000437131
0.000437074
0.000437011
0.000436948
0.000436893
0.000436851
0.000436824
0.000436814
0.000436822
0.000436844
0.000436879
0.000436921
0.000436964
0.000436999
0.000437021
0.000437026
0.000437012
0.000436985
0.000436951
0.000436916
0.000436886
0.000436865
0.000436854
0.000436854
0.000436864
0.000436883
0.000436907
0.000436931
0.000436948
0.000436951
0.000436936
0.000436902
0.000436853
0.000436795
0.000436736
0.000436681
0.000436638
0.000436608
0.000436594
0.000436595
0.000436611
0.000436639
0.000436674
0.000436709
0.000436738
0.000436754
0.000436754
0.000436739
0.000436715
0.000436686
0.000436661
0.000436644
0.000436638
0.000436645
0.000436666
0.000436698
0.000436739
0.000436786
0.000436832
0.000436869
0.000436892
0.000436895
0.000436878
0.000436844
0.000436801
0.000436755
0.000436713
0.00043668
0.000436659
0.000436652
0.000436658
0.000436678
0.000436707
0.000436742
0.000436776
0.000436803
0.000436817
0.000436817
0.000436803
0.000436782
0.000436761
0.000436746
0.000436743
0.000436754
0.000436782
0.000436827
0.000436887
0.000436959
0.000437038
0.000437119
0.000437193
0.000437254
0.000437296
0.00043732
0.000437328
0.000437328
0.000437325
0.000437325
0.000437332
0.000437349
0.000437376
0.000437414
0.000437459
0.000437509
0.000437559
0.000437603
0.000437634
0.000437647
0.000437641
0.000437618
0.000437585
0.000437549
0.000437518
0.000437497
0.000437489
0.000437497
0.000437522
0.000437562
0.000437614
0.000437676
0.000437739
0.000437798
0.000437846
0.00043788
0.000437898
0.000437907
0.000437912
0.00043792
0.000437936
0.000437964
0.000438005
0.00043806
0.000438129
0.000438207
0.000438293
0.000438378
0.000438458
0.000438523
0.00043857
0.000438596
0.000438605
0.000438603
0.000438596
0.000438593
0.000438597
0.000438613
0.000438641
0.000438682
0.000438736
0.0004388
0.000438868
0.000438937
0.000438998
0.000439046
0.000439077
0.000439095
0.000439102
0.000439108
0.000439117
0.000439137
0.00043917
0.000439218
0.000439282
0.00043936
0.000439451
0.000439549
0.000439649
0.000439743
0.000439824
0.000439887
0.00043993
0.000439957
0.000439974
0.000439988
0.000440004
0.000440027
0.000440059
0.000440101
0.000440154
0.000440216
0.000440284
0.000440354
0.000440418
0.000440471
0.000440507
0.000440524
0.000440525
0.000440515
0.000440501
0.000440492
0.000440493
0.000440507
0.000440538
0.000440585
0.000440648
0.000440725
0.000440811
0.000440902
0.000440989
0.000441066
0.000441129
0.000441177
0.000441214
0.000441247
0.000441281
0.000441322
0.000441375
0.00044144
0.000441519
0.000441611
0.000441712
0.000441821
0.00044193
0.000442033
0.000442122
0.000442192
0.00044224
0.00044227
0.000442286
0.000442295
0.000442306
0.000442322
0.000442348
0.000442385
0.000442434
0.000442494
0.000442564
0.000442638
0.000442713
0.00044278
0.000442834
0.000442871
0.000442893
0.000442903
0.00044291
0.00044292
0.000442938
0.00044297
0.000443017
0.000443079
0.000443157
0.000443247
0.000443347
0.000443449
0.000443548
0.000443635
0.000443705
0.000443757
0.000443792
0.000443816
0.000443837
0.00044386
0.00044389
0.000443929
0.00044398
0.000444041
0.000444112
0.00044419
0.000444271
0.000444348
0.000444415
0.000444466
0.000444497
0.000444512
0.000444514
0.000444512
0.000444512
0.000444522
0.000444543
0.000444581
0.000444634
0.000444702
0.000444785
0.000444877
0.000444973
0.000445066
0.000445149
0.000445217
0.000445269
0.000445309
0.000445341
0.000445373
0.000445411
0.000445459
0.000445518
0.000445589
0.000445673
0.000445766
0.000445865
0.000445965
0.000446059
0.00044614
0.000446201
0.000446241
0.000446259
0.000446263
0.000446259
0.000446253
0.000446253
0.000446261
0.00044628
0.000446311
0.000446353
0.000446405
0.000446463
0.000446522
0.000446575
0.000446616
0.00044664
0.00044665
0.000446647
0.00044664
0.000446636
0.00044664
0.000446658
0.000446691
0.00044674
0.000446805
0.000446885
0.000446974
0.000447068
0.00044716
0.000447242
0.000447309
0.000447356
0.000447387
0.000447407
0.000447422
0.000447438
0.00044746
0.000447492
0.000447534
0.000447586
0.000447649
0.000447718
0.000447789
0.000447858
0.000447916
0.000447958
0.00044798
0.000447984
0.000447973
0.000447955
0.000447938
0.000447928
0.000447928
0.000447943
0.000447972
0.000448016
0.000448072
0.000448138
0.000448208
0.000448275
0.000448333
0.000448375
0.0004484
0.000448412
0.000448414
0.000448415
0.000448421
0.000448435
0.00044846
0.000448498
0.000448548
0.000448608
0.000448675
0.000448744
0.000448808
0.000448861
0.000448896
0.000448909
0.000448901
0.000448878
0.000448847
0.000448814
0.000448786
0.000448766
0.000448758
0.000448762
0.000448779
0.000448806
0.00044884
0.000448877
0.000448909
0.00044893
0.000448937
0.000448927
0.000448906
0.000448879
0.000448853
0.000448836
0.000448831
0.000448841
0.000448868
0.000448911
0.000448967
0.000449034
0.000449107
0.000449178
0.00044924
0.000449286
0.000449313
0.000449322
0.000449317
0.000449307
0.000449296
0.000449289
0.00044929
0.000449301
0.000449321
0.00044935
0.000449386
0.000449424
0.000449459
0.000449483
0.000449491
0.000449479
0.000449447
0.000449399
0.000449342
0.000449284
0.000449231
0.000449188
0.000449158
0.000449143
0.000449143
0.000449156
0.000449179
0.000449207
0.000449233
0.000449252
0.000449256
0.000449244
0.000449218
0.000449183
0.000449146
0.000449114
0.000449091
0.000449079
0.000449081
0.000449096
0.000449123
0.000449158
0.000449198
0.000449235
0.000449261
0.000449272
0.000449262
0.000449231
0.000449185
0.000449129
0.000449072
0.000449018
0.000448973
0.000448939
0.000448917
0.000448908
0.000448909
0.000448918
0.000448929
0.000448937
0.000448935
0.000448917
0.000448883
0.000448835
0.00044878
0.000448725
0.000448676
0.000448638
0.000448614
0.000448606
0.000448613
0.000448633
0.000448665
0.000448701
0.000448737
0.000448764
0.000448775
0.000448767
0.00044874
0.000448699
0.000448649
0.000448598
0.000448551
0.000448511
0.00044848
0.000448459
0.000448448
0.000448443
0.000448441
0.000448438
0.000448425
0.000448398
0.000448351
0.000448285
0.000448202
0.00044811
0.000448016
0.000447927
0.000447849
0.000447784
0.000447735
0.000447701
0.000447681
0.000447674
0.000447673
0.000447673
0.000447667
0.000447648
0.000447614
0.000447567
0.00044751
0.000447451
0.000447396
0.00044735
0.000447317
0.000447297
0.000447291
0.000447297
0.000447313
0.000447333
0.000447352
0.000447363
0.000447358
0.000447332
0.000447286
0.000447222
0.000447147
0.000447069
0.000446994
0.000446925
0.000446867
0.00044682
0.000446785
0.000446759
0.000446742
0.000446727
0.000446708
0.00044668
0.000446636
0.000446575
0.000446499
0.000446414
0.000446327
0.000446246
0.000446174
0.000446116
0.000446074
0.000446047
0.000446034
0.000446033
0.000446038
0.000446044
0.000446042
0.000446027
0.000445994
0.000445942
0.000445876
0.000445801
0.000445725
0.000445653
0.000445589
0.000445535
0.000445491
0.000445459
0.000445434
0.000445415
0.000445396
0.00044537
0.000445331
0.000445274
0.000445198
0.000445105
0.000445003
0.000444899
0.0004448
0.000444711
0.000444636
0.000444576
0.000444533
0.000444504
0.000444489
0.000444481
0.000444476
0.000444465
0.000444443
0.000444406
0.000444355
0.000444294
0.000444229
0.000444167
0.000444113
0.000444071
0.000444042
0.000444026
0.000444023
0.000444029
0.00044404
0.00044405
0.000444053
0.00044404
0.000444007
0.000443952
0.000443878
0.000443792
0.000443701
0.000443611
0.000443527
0.000443452
0.000443389
0.000443337
0.000443296
0.000443263
0.000443233
0.000443201
0.000443161
0.000443106
0.000443034
0.000442948
0.000442852
0.000442754
0.000442661
0.000442578
0.00044251
0.000442457
0.000442422
0.000442402
0.000442395
0.000442397
0.000442402
0.000442403
0.000442392
0.000442364
0.000442318
0.000442259
0.000442191
0.000442122
0.000442057
0.000442
0.000441954
0.000441919
0.000441896
0.000441882
0.000441874
0.000441868
0.000441856
0.000441833
0.000441792
0.000441731
0.000441654
0.000441566
0.000441474
0.000441385
0.000441306
0.00044124
0.000441188
0.000441152
0.000441131
0.000441123
0.000441123
0.000441125
0.000441122
0.000441108
0.000441079
0.000441035
0.000440979
0.000440918
0.000440859
0.000440806
0.000440765
0.000440736
0.000440721
0.000440718
0.000440725
0.000440738
0.000440752
0.000440759
0.000440752
0.000440726
0.000440678
0.000440612
0.000440533
0.000440448
0.000440364
0.000440287
0.00044022
0.000440164
0.000440121
0.00044009
0.000440068
0.000440052
0.000440036
0.000440013
0.000439978
0.000439927
0.000439862
0.000439787
0.00043971
0.000439638
0.000439576
0.000439529
0.000439499
0.000439486
0.00043949
0.000439508
0.000439536
0.000439569
0.000439599
0.000439618
0.000439622
0.000439608
0.000439579
0.000439541
0.000439501
0.000439464
0.000439434
0.000439414
0.000439406
0.000439408
0.00043942
0.000439437
0.000439457
0.000439471
0.000439474
0.000439459
0.000439424
0.000439371
0.000439305
0.000439233
0.000439163
0.000439101
0.000439051
0.000439015
0.000438994
0.000438987
0.000438993
0.000439009
0.000439027
0.000439042
0.000439047
0.000439037
0.000439011
0.000438974
0.000438931
0.000438889
0.000438855
0.000438831
0.000438821
0.000438826
0.000438844
0.000438873
0.000438911
0.000438951
0.000438987
0.000439011
0.000439018
0.000439004
0.000438972
0.000438927
0.000438876
0.000438826
0.000438783
0.00043875
0.000438729
0.000438721
0.000438725
0.00043874
0.000438762
0.000438785
0.000438802
0.000438808
0.000438798
0.000438774
0.000438738
0.0004387
0.000438664
0.000438638
0.000438626
0.00043863
0.000438651
0.000438688
0.00043874
0.000438802
0.000438868
0.000438933
0.000438987
0.000439025
0.000439046
0.00043905
0.000439043
0.000439032
0.000439023
0.000439021
0.000439027
0.000439044
0.000439071
0.000439108
0.000439151
0.000439196
0.000439236
0.000439266
0.000439279
0.000439272
0.000439246
0.000439206
0.000439159
0.000439114
0.000439075
0.000439048
0.000439035
0.000439038
0.000439057
0.000439089
0.000439132
0.000439179
0.000439226
0.000439263
0.000439288
0.000439298
0.000439296
0.000439289
0.000439282
0.000439283
0.000439295
0.000439322
0.000439363
0.000439419
0.000439488
0.000439566
0.000439648
0.000439727
0.000439797
0.000439849
0.000439882
0.000439895
0.000439895
0.000439887
0.00043988
0.000439877
0.000439884
0.000439902
0.000439933
0.000439975
0.000440027
0.000440086
0.000440147
0.000440201
0.000440244
0.000440271
0.000440282
0.00044028
0.000440273
0.000440267
0.000440269
0.000440283
0.000440312
0.000440357
0.000440418
0.000440493
0.000440579
0.000440669
0.000440759
0.000440839
0.000440903
0.00044095
0.000440979
0.000440997
0.000441009
0.000441023
0.000441042
0.000441071
0.00044111
0.000441161
0.000441221
0.000441289
0.00044136
0.000441428
0.000441488
0.000441532
0.000441556
0.000441562
0.000441554
0.000441538
0.000441523
0.000441515
0.000441518
0.000441536
0.00044157
0.00044162
0.000441685
0.000441761
0.000441844
0.000441927
0.000442002
0.000442065
0.000442113
0.000442149
0.000442178
0.000442207
0.000442242
0.000442288
0.000442347
0.000442421
0.000442509
0.000442609
0.000442719
0.000442833
0.000442944
0.000443046
0.000443131
0.000443195
0.000443238
0.000443266
0.000443284
0.0004433
0.000443319
0.000443346
0.000443383
0.000443431
0.00044349
0.000443559
0.000443634
0.00044371
0.000443781
0.000443841
0.000443884
0.00044391
0.000443923
0.000443928
0.000443933
0.000443945
0.000443969
0.000444008
0.000444062
0.000444134
0.000444219
0.000444317
0.000444421
0.000444525
0.000444622
0.000444705
0.000444771
0.00044482
0.000444857
0.000444888
0.000444921
0.000444959
0.000445007
0.000445066
0.000445137
0.000445218
0.000445308
0.000445402
0.000445495
0.000445581
0.000445651
0.000445704
0.000445736
0.000445754
0.000445763
0.000445771
0.000445784
0.000445808
0.000445846
0.000445899
0.000445967
0.00044605
0.000446143
0.000446244
0.000446344
0.000446436
0.000446516
0.000446581
0.000446631
0.000446672
0.000446711
0.000446754
0.000446806
0.00044687
0.000446948
0.000447038
0.000447141
0.000447252
0.000447368
0.000447482
0.000447586
0.000447673
0.00044774
0.000447785
0.000447812
0.000447829
0.000447842
0.000447857
0.000447879
0.000447911
0.000447954
0.000448008
0.000448072
0.000448143
0.000448217
0.000448286
0.000448345
0.000448389
0.000448416
0.00044843
0.000448435
0.000448439
0.00044845
0.000448473
0.00044851
0.000448564
0.000448635
0.000448722
0.000448821
0.000448928
0.000449037
0.000449139
0.00044923
0.000449303
0.00044936
0.000449403
0.00044944
0.000449477
0.000449519
0.00044957
0.000449631
0.000449704
0.000449787
0.000449878
0.000449974
0.000450068
0.000450155
0.000450228
0.00045028
0.000450313
0.000450328
0.000450332
0.000450332
0.000450336
0.000450349
0.000450373
0.000450411
0.000450464
0.00045053
0.000450606
0.000450688
0.000450771
0.000450846
0.000450908
0.000450954
0.000450985
0.000451005
0.000451021
0.000451041
0.000451068
0.000451106
0.000451158
0.000451224
0.000451301
0.000451389
0.000451481
0.000451573
0.000451658
0.000451727
0.000451775
0.000451803
0.000451813
0.000451812
0.000451806
0.000451802
0.000451805
0.000451818
0.000451842
0.000451878
0.000451925
0.000451979
0.000452037
0.000452092
0.000452138
0.00045217
0.000452184
0.000452185
0.000452176
0.000452165
0.00045216
0.000452165
0.000452184
0.00045222
0.000452272
0.000452339
0.000452419
0.000452508
0.000452598
0.000452683
0.000452756
0.000452811
0.000452849
0.000452872
0.000452886
0.000452898
0.000452914
0.000452937
0.000452969
0.000453012
0.000453064
0.000453123
0.000453187
0.000453249
0.000453303
0.000453343
0.000453364
0.000453362
0.000453341
0.000453308
0.000453269
0.000453231
0.000453201
0.000453182
0.000453177
0.000453185
0.000453207
0.000453239
0.000453279
0.00045332
0.000453355
0.000453379
0.000453387
0.000453379
0.000453361
0.000453338
0.000453318
0.000453307
0.000453306
0.00045332
0.000453348
0.00045339
0.000453442
0.000453501
0.000453562
0.000453616
0.000453657
0.000453679
0.00045368
0.000453663
0.000453633
0.000453599
0.000453566
0.000453538
0.00045352
0.000453513
0.000453518
0.000453533
0.000453556
0.000453583
0.000453607
0.000453623
0.000453624
0.000453608
0.000453576
0.000453533
0.000453486
0.000453442
0.000453407
0.000453386
0.000453379
0.000453387
0.000453411
0.000453447
0.000453491
0.000453537
0.000453579
0.000453608
0.00045362
0.000453613
0.00045359
0.000453557
0.00045352
0.000453486
0.000453459
0.00045344
0.000453432
0.000453433
0.000453442
0.000453456
0.00045347
0.000453478
0.000453473
0.000453449
0.000453403
0.000453339
0.000453261
0.000453178
0.000453095
0.000453021
0.000452957
0.000452908
0.000452873
0.000452853
0.000452845
0.000452846
0.00045285
0.00045285
0.00045284
0.000452816
0.000452777
0.000452727
0.000452672
0.000452619
0.000452574
0.000452541
0.000452522
0.000452518
0.000452527
0.000452548
0.000452576
0.000452607
0.000452633
0.000452646
0.00045264
0.000452613
0.000452567
0.000452507
0.000452441
0.000452374
0.000452311
0.000452257
0.000452213
0.00045218
0.000452156
0.00045214
0.000452128
0.000452114
0.000452091
0.000452054
0.000451999
0.000451927
0.000451842
0.000451752
0.000451663
0.000451583
0.000451514
0.00045146
0.000451422
0.000451399
0.000451389
0.000451389
0.000451392
0.000451392
0.000451381
0.000451355
0.00045131
0.00045125
0.000451179
0.000451105
0.000451034
0.00045097
0.000450915
0.000450872
0.00045084
0.000450817
0.000450801
0.000450787
0.000450769
0.00045074
0.000450694
0.000450627
0.000450542
0.000450443
0.000450338
0.000450234
0.000450137
0.000450052
0.00044998
0.000449923
0.000449882
0.000449853
0.000449834
0.000449819
0.000449801
0.000449774
0.000449733
0.000449677
0.000449608
0.000449534
0.00044946
0.000449392
0.000449336
0.000449293
0.000449264
0.000449249
0.000449245
0.000449249
0.000449256
0.000449258
0.000449249
0.000449221
0.000449172
0.000449102
0.000449017
0.000448924
0.000448829
0.000448739
0.000448655
0.000448582
0.000448519
0.000448466
0.000448422
0.000448382
0.000448342
0.000448294
0.000448234
0.000448156
0.000448061
0.000447953
0.000447839
0.000447727
0.000447623
0.000447532
0.000447456
0.000447396
0.000447353
0.000447325
0.000447308
0.000447296
0.000447285
0.000447264
0.00044723
0.000447179
0.000447113
0.000447036
0.000446956
0.000446879
0.00044681
0.00044675
0.000446703
0.000446667
0.000446642
0.000446624
0.000446609
0.000446592
0.000446565
0.000446522
0.000446458
0.000446376
0.000446278
0.000446172
0.000446066
0.000445966
0.000445876
0.000445799
0.000445737
0.000445689
0.000445653
0.000445628
0.000445606
0.000445583
0.00044555
0.000445504
0.000445441
0.000445365
0.000445281
0.000445197
0.000445118
0.00044505
0.000444994
0.000444953
0.000444925
0.000444909
0.000444902
0.000444899
0.000444893
0.000444877
0.000444844
0.00044479
0.000444717
0.000444628
0.00044453
0.00044443
0.000444334
0.000444247
0.00044417
0.000444104
0.00044405
0.000444006
0.000443968
0.000443931
0.000443889
0.000443836
0.000443767
0.000443682
0.000443584
0.000443481
0.000443378
0.000443283
0.000443202
0.000443136
0.000443087
0.000443056
0.000443041
0.000443038
0.000443042
0.000443047
0.000443045
0.000443031
0.000443
0.000442953
0.000442895
0.000442833
0.000442772
0.000442718
0.000442674
0.000442641
0.00044262
0.000442609
0.000442605
0.000442605
0.000442602
0.00044259
0.000442562
0.000442514
0.000442445
0.000442359
0.000442264
0.000442167
0.000442073
0.000441989
0.000441918
0.00044186
0.000441816
0.000441786
0.000441765
0.00044175
0.000441734
0.00044171
0.000441672
0.00044162
0.000441553
0.000441479
0.000441404
0.000441334
0.000441274
0.000441228
0.000441197
0.000441182
0.000441179
0.000441188
0.000441202
0.000441216
0.000441222
0.000441213
0.000441185
0.000441137
0.000441074
0.000441003
0.00044093
0.000440861
0.0004408
0.00044075
0.000440712
0.000440687
0.000440671
0.000440664
0.000440658
0.00044065
0.00044063
0.000440596
0.000440545
0.00044048
0.000440408
0.000440336
0.000440271
0.000440218
0.00044018
0.000440158
0.000440153
0.000440164
0.000440187
0.000440218
0.00044025
0.000440276
0.000440288
0.000440284
0.000440264
0.00044023
0.000440191
0.000440152
0.000440118
0.000440093
0.000440079
0.000440076
0.000440082
0.000440097
0.000440116
0.000440134
0.000440143
0.000440136
0.00044011
0.000440064
0.00044
0.000439926
0.000439848
0.000439775
0.00043971
0.000439658
0.000439621
0.000439599
0.00043959
0.000439593
0.000439604
0.000439615
0.000439621
0.000439615
0.000439594
0.000439561
0.000439519
0.000439476
0.000439439
0.000439413
0.0004394
0.000439403
0.000439422
0.000439456
0.000439501
0.000439554
0.000439607
0.000439655
0.000439689
0.000439704
0.0004397
0.00043968
0.000439649
0.000439616
0.000439586
0.000439563
0.00043955
0.000439549
0.000439559
0.000439579
0.000439607
0.000439637
0.000439663
0.00043968
0.000439681
0.000439664
0.000439632
0.00043959
0.000439547
0.000439508
0.00043948
0.000439465
0.000439467
0.000439484
0.000439517
0.000439563
0.000439616
0.000439672
0.000439722
0.00043976
0.000439782
0.000439787
0.000439778
0.000439763
0.000439747
0.000439737
0.000439735
0.000439745
0.000439766
0.000439798
0.000439839
0.000439886
0.000439933
0.000439974
0.000440002
0.00044001
0.000439999
0.000439971
0.000439931
0.000439888
0.000439849
0.000439819
0.000439801
0.000439798
0.000439811
0.000439838
0.000439877
0.000439925
0.000439975
0.000440021
0.000440056
0.000440077
0.000440084
0.000440082
0.000440077
0.000440077
0.000440087
0.000440109
0.000440147
0.000440201
0.000440268
0.000440348
0.000440435
0.000440523
0.000440606
0.000440675
0.000440725
0.000440755
0.000440767
0.000440767
0.000440762
0.000440758
0.00044076
0.000440771
0.000440793
0.000440825
0.000440867
0.000440915
0.000440967
0.000441015
0.000441053
0.000441076
0.000441081
0.00044107
0.000441047
0.000441022
0.000441
0.000440988
0.000440989
0.000441007
0.000441041
0.00044109
0.000441154
0.000441227
0.000441304
0.000441378
0.000441441
0.000441488
0.00044152
0.000441538
0.00044155
0.00044156
0.000441576
0.000441601
0.000441638
0.000441687
0.000441748
0.000441819
0.000441897
0.000441976
0.000442051
0.000442113
0.000442157
0.000442181
0.000442188
0.000442182
0.000442171
0.000442162
0.000442161
0.000442171
0.000442196
0.000442235
0.000442289
0.000442354
0.000442428
0.000442504
0.000442575
0.000442636
0.000442681
0.000442712
0.000442731
0.000442746
0.000442763
0.000442788
0.000442825
0.000442876
0.000442942
0.000443021
0.000443111
0.000443209
0.000443309
0.000443404
0.000443485
0.000443548
0.00044359
0.000443613
0.000443623
0.000443626
0.00044363
0.000443638
0.000443655
0.000443682
0.00044372
0.000443769
0.000443824
0.000443884
0.000443942
0.000443991
0.000444026
0.000444044
0.000444046
0.000444036
0.000444022
0.000444012
0.000444011
0.000444023
0.000444052
0.000444098
0.00044416
0.000444238
0.000444326
0.000444419
0.00044451
0.000444592
0.00044466
0.000444712
0.000444749
0.000444779
0.000444807
0.000444839
0.000444879
0.000444931
0.000444994
0.000445069
0.000445154
0.000445245
0.000445338
0.000445426
0.000445502
0.00044556
0.000445597
0.000445613
0.000445616
0.000445611
0.000445605
0.000445606
0.000445616
0.000445639
0.000445675
0.000445725
0.000445786
0.000445854
0.000445925
0.000445992
0.000446048
0.000446088
0.000446113
0.000446125
0.000446131
0.000446138
0.000446151
0.000446176
0.000446215
0.000446268
0.000446336
0.000446416
0.000446504
0.000446595
0.000446683
0.00044676
0.000446819
0.000446858
0.000446878
0.000446884
0.000446884
0.000446883
0.000446887
0.000446901
0.000446924
0.00044696
0.000447005
0.00044706
0.000447119
0.000447178
0.00044723
0.000447268
0.000447289
0.000447294
0.000447286
0.000447273
0.000447262
0.000447259
0.000447269
0.000447295
0.000447337
0.000447395
0.000447468
0.000447552
0.000447641
0.000447728
0.000447807
0.000447871
0.000447918
0.000447949
0.00044797
0.000447988
0.000448007
0.000448034
0.000448071
0.000448118
0.000448176
0.000448243
0.000448316
0.00044839
0.00044846
0.000448518
0.000448558
0.000448576
0.000448573
0.000448554
0.000448526
0.000448496
0.00044847
0.000448453
0.000448448
0.000448457
0.000448478
0.000448512
0.000448554
0.000448599
0.000448642
0.000448675
0.000448693
0.000448696
0.000448687
0.00044867
0.000448654
0.000448645
0.000448647
0.000448664
0.000448695
0.000448742
0.000448802
0.000448872
0.000448946
0.000449019
0.000449082
0.000449129
0.000449157
0.000449165
0.000449159
0.000449145
0.00044913
0.00044912
0.000449117
0.000449125
0.000449144
0.000449173
0.000449211
0.000449253
0.000449296
0.000449331
0.000449353
0.000449358
0.000449344
0.000449316
0.000449281
0.000449246
0.000449216
0.000449198
0.000449195
0.000449206
0.000449233
0.000449274
0.000449325
0.000449382
0.000449438
0.000449485
0.000449517
0.000449532
0.00044953
0.000449517
0.000449498
0.00044948
0.000449469
0.000449467
0.000449475
0.000449495
0.000449523
0.000449559
0.000449597
0.000449632
0.000449657
0.000449665
0.000449652
0.000449618
0.000449567
0.000449506
0.000449443
0.000449384
0.000449335
0.000449298
0.000449274
0.000449264
0.000449267
0.00044928
0.000449298
0.000449315
0.000449324
0.000449319
0.0004493
0.000449267
0.000449227
0.000449187
0.000449153
0.00044913
0.000449121
0.000449127
0.000449149
0.000449184
0.00044923
0.000449281
0.000449331
0.000449372
0.000449398
0.000449404
0.00044939
0.00044936
0.00044932
0.000449277
0.000449238
0.000449204
0.00044918
0.000449166
0.000449162
0.000449165
0.000449174
0.000449181
0.000449183
0.00044917
0.00044914
0.000449091
0.000449025
0.000448951
0.000448874
0.000448803
0.000448742
0.000448694
0.000448661
0.000448644
0.000448641
0.000448649
0.000448664
0.000448679
0.000448688
0.000448683
0.000448661
0.000448624
0.000448574
0.000448519
0.000448465
0.000448418
0.00044838
0.000448354
0.00044834
0.000448337
0.000448342
0.000448352
0.00044836
0.00044836
0.000448344
0.000448309
0.000448254
0.000448181
0.000448098
0.000448012
0.00044793
0.000447857
0.000447795
0.000447748
0.000447715
0.000447694
0.000447684
0.00044768
0.000447675
0.000447663
0.000447638
0.000447598
0.000447543
0.00044748
0.000447415
0.000447354
0.000447303
0.000447265
0.000447242
0.000447233
0.000447238
0.000447253
0.000447273
0.000447294
0.000447306
0.000447303
0.00044728
0.000447235
0.000447174
0.000447102
0.000447025
0.00044695
0.000446881
0.000446821
0.00044677
0.000446729
0.000446697
0.00044667
0.000446644
0.000446613
0.000446569
0.000446509
0.00044643
0.000446336
0.000446231
0.000446124
0.000446022
0.000445931
0.000445853
0.000445792
0.000445747
0.000445718
0.000445702
0.000445694
0.000445689
0.000445679
0.000445658
0.000445622
0.000445569
0.000445506
0.000445436
0.000445368
0.000445306
0.000445255
0.000445215
0.000445188
0.000445173
0.000445166
0.000445165
0.000445164
0.000445156
0.000445133
0.000445091
0.000445028
0.000444947
0.000444854
0.000444756
0.000444661
0.000444573
0.000444496
0.000444432
0.000444381
0.000444343
0.000444315
0.000444293
0.000444271
0.000444242
0.0004442
0.000444142
0.000444069
0.000443985
0.000443898
0.000443815
0.00044374
0.000443677
0.000443629
0.000443596
0.000443576
0.000443568
0.000443566
0.000443566
0.000443559
0.000443539
0.0004435
0.00044344
0.000443364
0.000443276
0.000443183
0.000443093
0.000443009
0.000442934
0.000442871
0.000442818
0.000442775
0.000442739
0.000442706
0.000442669
0.000442623
0.000442561
0.000442481
0.000442386
0.000442281
0.000442173
0.00044207
0.000441977
0.000441899
0.000441837
0.000441792
0.000441763
0.000441749
0.000441744
0.000441743
0.000441739
0.000441724
0.000441694
0.000441649
0.000441591
0.000441526
0.000441462
0.000441403
0.000441353
0.000441315
0.000441289
0.000441275
0.000441269
0.000441269
0.00044127
0.000441264
0.000441244
0.000441204
0.000441143
0.000441063
0.000440969
0.000440869
0.000440769
0.000440676
0.000440593
0.000440523
0.000440465
0.000440421
0.000440387
0.000440359
0.000440333
0.000440301
0.000440257
0.000440198
0.000440124
0.000440039
0.000439951
0.000439866
0.000439789
0.000439726
0.000439678
0.000439646
0.000439629
0.000439625
0.000439629
0.000439638
0.000439642
0.000439635
0.000439611
0.000439568
0.000439508
0.000439436
0.000439361
0.000439287
0.00043922
0.000439163
0.000439118
0.000439084
0.00043906
0.000439045
0.000439033
0.000439019
0.000438997
0.00043896
0.000438905
0.000438834
0.000438752
0.000438665
0.000438582
0.000438508
0.000438448
0.000438403
0.000438375
0.000438362
0.000438364
0.000438376
0.000438392
0.000438405
0.000438409
0.000438397
0.000438369
0.000438327
0.000438277
0.000438225
0.000438178
0.000438139
0.000438111
0.000438095
0.00043809
0.000438095
0.000438106
0.000438118
0.000438125
0.000438119
0.000438095
0.00043805
0.000437984
0.000437905
0.000437819
0.000437733
0.000437653
0.000437584
0.000437527
0.000437484
0.000437456
0.000437439
0.00043743
0.000437425
0.000437416
0.000437397
0.000437365
0.000437318
0.00043726
0.000437199
0.000437141
0.000437092
0.000437056
0.000437037
0.000437034
0.000437047
0.000437074
0.000437112
0.000437154
0.000437194
0.000437225
0.000437239
0.000437234
0.000437212
0.000437178
0.000437138
0.000437099
0.000437066
0.000437041
0.000437028
0.000437025
0.000437033
0.000437049
0.000437068
0.000437086
0.000437095
0.000437089
0.000437065
0.000437024
0.000436969
0.000436908
0.000436849
0.000436797
0.000436757
0.000436733
0.000436724
0.000436731
0.000436752
0.000436783
0.00043682
0.000436855
0.000436881
0.000436892
0.000436888
0.000436869
0.000436841
0.000436811
0.000436786
0.000436769
0.000436764
0.000436771
0.00043679
0.000436821
0.000436859
0.0004369
0.000436937
0.000436965
0.000436975
0.000436966
0.000436937
0.000436894
0.000436843
0.000436793
0.000436749
0.000436715
0.000436695
0.000436689
0.000436697
0.000436718
0.000436749
0.000436784
0.000436817
0.00043684
0.000436851
0.000436847
0.000436831
0.00043681
0.000436791
0.00043678
0.000436782
0.000436798
0.000436831
0.000436879
0.000436942
0.000437015
0.000437093
0.000437169
0.000437235
0.000437286
0.000437317
0.000437329
0.000437327
0.000437318
0.000437308
0.000437302
0.000437304
0.000437315
0.000437337
0.000437369
0.000437409
0.000437453
0.000437495
0.000437529
0.000437549
0.000437551
0.000437535
0.000437505
0.000437467
0.00043743
0.000437399
0.000437381
0.000437377
0.000437389
0.000437418
0.000437462
0.000437518
0.000437581
0.000437644
0.000437699
0.000437743
0.00043777
0.000437784
0.000437789
0.000437791
0.000437798
0.000437814
0.000437841
0.000437882
0.000437936
0.000438001
0.000438076
0.000438155
0.000438232
0.000438299
0.000438352
0.000438384
0.000438396
0.000438393
0.000438382
0.000438369
0.00043836
0.000438362
0.000438375
0.000438403
0.000438443
0.000438497
0.000438559
0.000438626
0.00043869
0.000438746
0.000438787
0.000438813
0.000438825
0.000438831
0.000438835
0.000438846
0.000438868
0.000438904
0.000438956
0.000439022
0.000439102
0.000439192
0.000439288
0.000439382
0.000439468
0.000439538
0.000439589
0.000439621
0.000439637
0.000439645
0.000439651
0.00043966
0.000439678
0.000439704
0.000439742
0.00043979
0.000439846
0.000439907
0.000439969
0.000440024
0.000440066
